26 1
-1  1
-0.6  0.6
-0.6  1
-0.4  0.8
-0.4  1
0.2  0.6
2  2
2  1
1  0.5
1.5  1
1.75  1.5
0.5  0.5
0.75  0.25
1.5  0.5
0.5  0
0.4  0.5
0.25  -0.25
1.5  -1.5
0.3  -0.6
0  0
0  0.5
-0.5  -1
-2  -2
-0.5  -0.5
-1.5  0
-0.5  0.3

26 25
-1  1
-0.6  0.6
-0.6  1
-0.4  0.8
-0.4  1
0.2  0.6
2  2
2  1
1  0.5
1.5  1
1.75  1.5
0.5  0.5
0.75  0.25
1.5  0.5
0.5  0
0.4  0.5
0.25  -0.25
1.5  -1.5
0.3  -0.6
0  0
0  0.5
-0.5  -1
-2  -2
-0.5  -0.5
-1.5  0
-0.5  0.3

26 100
-1  1
-0.6  0.6
-0.6  1
-0.4  0.8
-0.4  1
0.2  0.6
2  2
2  1
1  0.5
1.5  1
1.75  1.5
0.5  0.5
0.75  0.25
1.5  0.5
0.5  0
0.4  0.5
0.25  -0.25
1.5  -1.5
0.3  -0.6
0  0
0  0.5
-0.5  -1
-2  -2
-0.5  -0.5
-1.5  0
-0.5  0.3

26 54
-1  1
-0.6  0.6
-0.6  1
-0.4  0.8
-0.4  1
0.2  0.6
2  2
2  1
1  0.5
1.5  1
1.75  1.5
0.5  0.5
0.75  0.25
1.5  0.5
0.5  0
0.4  0.5
0.25  -0.25
1.5  -1.5
0.3  -0.6
0  0
0  0.5
-0.5  -1
-2  -2
-0.5  -0.5
-1.5  0
-0.5  0.3

4 100
1 1
1 -1
-1 -1
-1 1
3 39
0 0
0 2
2 0
