4 4 0 0 
2 6 2 0 
0 4 6 0 
1 0 2 1 

24 40 8 0 
20 52 24 0 
8 48 44 0 
5 12 14 1 

1440 3424 1504 0 
1712 4656 2464 0 
1504 4928 3152 0 
477 1508 958 1 

197434 284220 342999 0 
142110 682543 813613 0 
342999 627219 339544 0 
709857 376937 453645 1 

623438 296048 95907 0 
148024 867369 695981 0 
95907 391955 771462 0 
470022 202596 46726 1 

209801 306355 78634 0 
653181 941616 692498 0 
78634 384989 862982 0 
173958 922604 191879 1 

278691 898977 367677 0 
949492 595853 633327 0 
367677 266647 228176 0 
773477 846817 26080 1 

54561 720911 454510 0 
860459 369523 87707 0 
454510 175414 915020 0 
630885 35466 842726 1 

791922 539507 674024 0 
769757 235689 106762 0 
674024 213524 561672 0 
644783 102810 718352 1 

619370 740127 898968 0 
870067 388391 319544 0 
898968 639088 489430 0 
175775 944990 397572 1 

890470 544164 227598 0 
272082 390143 385881 0 
227598 771762 162545 0 
38261 615441 464365 1 

950443 872652 508953 0 
436326 895715 190799 0 
508953 381598 386762 0 
123914 798303 537178 1 

7135 281118 695830 0 
140559 843524 488474 0 
695830 976948 147694 0 
850826 423165 428980 1 

295907 851176 781645 0 
425588 503133 316407 0 
781645 632814 721495 0 
748656 806621 522281 1 

724758 346813 779023 0 
673410 177177 562918 0 
779023 125829 398161 0 
38670 583393 881717 1 

775607 592461 518478 0 
796234 90305 55466 0 
518478 110932 571834 0 
178838 638024 477222 1 

852016 897218 836306 0 
448609 136917 866762 0 
836306 733517 300618 0 
434207 611003 643111 1 

264872 651542 6801 0 
325771 597444 829175 0 
6801 658343 590643 0 
505138 881540 885008 1 

941689 517859 872973 0 
758933 573581 695416 0 
872973 390825 700615 0 
535271 40907 238476 1 

22835 998586 927529 0 
499293 449650 463054 0 
927529 926108 522128 0 
926395 49357 974618 1 

966908 617749 453044 0 
808878 228816 35393 0 
453044 70786 775779 0 
571297 79552 769102 1 

43198 82813 199981 0 
541410 784589 141397 0 
199981 282794 584608 0 
363927 675696 203562 1 

647044 76017 820648 0 
538012 5690 948336 0 
820648 896665 185049 0 
430370 998618 38703 1 

204911 721185 829403 0 
860596 894903 775294 0 
829403 550581 65500 0 
831166 685116 518038 1 

326831 144035 614195 0 
572021 513040 379115 0 
614195 758230 898852 0 
920803 896416 123813 1 

80234 787666 547354 0 
393833 21414 667510 0 
547354 335013 474067 0 
760082 947358 920161 1 

446184 535139 997045 0 
767573 210788 766092 0 
997045 532177 213750 0 
262347 826616 354265 1 

914053 580890 126224 0 
290445 330715 353557 0 
126224 707114 204491 0 
832817 834035 373431 1 

840097 354802 397652 0 
177401 415143 376227 0 
397652 752454 17491 0 
605974 908746 723035 1 

612779
612779
1.76799s
